1 0.36444444444444446 0.3203125 0.12 0.22187500000000002
0 0.5633333333333334 0.30781250000000004 0.05555555555555555 0.084375
0 0.6233333333333333 0.32656250000000003 0.05555555555555555 0.078125
0 0.76 0.30781250000000004 0.06222222222222222 0.109375
0 0.9233333333333333 0.48750000000000004 0.12222222222222222 0.225
0 0.9133333333333333 0.34218750000000003 0.12 0.12812500000000002
0 0.6966666666666667 0.32656250000000003 0.015555555555555555 0.028125
0 0.28444444444444444 0.33125000000000004 0.044444444444444446 0.07500000000000001
0 0.23 0.33906250000000004 0.03777777777777778 0.065625
0 0.11333333333333333 0.29375 0.21333333333333332 0.375
