1 0.363 0.6550802139037433 0.134 0.1764705882352941
1 0.545 0.8008021390374331 0.122 0.14705882352941177
0 0.621 0.5762032085561497 0.098 0.11497326203208555
0 0.545 0.45454545454545453 0.078 0.1122994652406417
0 0.634 0.3609625668449198 0.084 0.1016042780748663
0 0.838 0.3836898395721925 0.156 0.23796791443850265
0 0.6 0.05213903743315508 0.108 0.09893048128342245
0 0.456 0.025401069518716575 0.08 0.04545454545454545
0 0.097 0.16176470588235292 0.14200000000000002 0.23796791443850265
0 0.035 0.19385026737967914 0.066 0.25935828877005346
