1 0.685 0.63125 0.07333333333333333 0.10250000000000001
1 0.7100000000000001 0.40875 0.04 0.0775
1 0.42833333333333334 0.5650000000000001 0.05 0.085
1 0.4591666666666667 0.44625000000000004 0.04166666666666667 0.0625
1 0.4816666666666667 0.43375 0.030000000000000002 0.0625
1 0.545 0.425 0.030000000000000002 0.06
1 0.8025000000000001 0.40750000000000003 0.035 0.065
1 0.8425 0.4 0.03833333333333334 0.065
1 0.9633333333333334 0.40750000000000003 0.03333333333333333 0.07
1 0.3125 0.39375 0.06166666666666667 0.1075
1 0.6016666666666667 0.34625 0.05666666666666667 0.1125
1 0.35583333333333333 0.465 0.03166666666666667 0.065
1 0.39416666666666667 0.435 0.035 0.07
1 0.22333333333333336 0.31 0.07333333333333333 0.125
1 0.12083333333333333 0.385 0.04833333333333334 0.075
1 0.015000000000000001 0.4675 0.02666666666666667 0.06
1 0.011666666666666667 0.37 0.02 0.075
